341c0000
341d0f00
40806000
34087f00
ac080000
34097f10
ac090004
34080c01
40886000
3c087fff
3c097fff
3508ffff
10000001
01095020
3c088000
3c098000
35080001
0c000c13
01095020
3c087fff
3c09ffff
3529ffff
0c000c18
01095022
3c088000
3c097fff
35080001
10000001
01095022
3c087fff
35080001
10000003
3c010000
3421ffff
01014820
3c088000
0c000c26
2109ffff
340a5daa
3c087fff
3c098000
01095022
3c088111
3c098111
01095020
210afffe
10000003
210afffd
01095020
01095022
34080801
10000001
8d090000
34080532
0c000c38
8d090000
34080203
10000001
8d090000
34080801
0c000c3e
85090000
34080293
10000001
85090000
34087f02
10000001
85090000
34087f1b
10000001
81090000
3c087fff
3508ffff
10000001
8d090001
34084108
10000001
8d090000
34087f0c
10000001
81090000
34087f26
10000001
85090000
3409f0f0
34080901
10000001
ad090000
3409f0f1
34080102
10000001
ad090000
3409f0f2
34080943
10000001
ad090000
3409f0f3
34080901
10000001
a5090000
3409f0f4
34080003
10000001
a5090000
3409f0f5
34087f06
10000001
a5090000
3409f0f6
34087f15
10000001
a5090000
3409f0f6
3c088000
10000001
a509ffff
3409f0f7
3c087f08
10000001
ad090000
3409f0f7
3c087f18
10000001
ad090000
3409f0f8
3c083000
10000001
ad090000
3409f0f9
3c087f00
10000001
a109ffff
3409f0fa
3c087f1d
10000001
a509ffff
3c108000
3c117fff
3631ffff
02105020
02115022
222a000a
ac0a1002
a40a1001
014a0018
8c0a1002
840a1001
014a0018
840a1001
02115022
222a000a
ac0a1002
a40a1001
014a0018
ac0a1002
a40a1001
8c0a1002
840a1001
014a0018
a40a1001
02105020
02115022
014a0018
02105020
02115022
10000002
02105020
02115022
014a0018
02105020
02115022
014a0018
a40a1001
8c0a1002
02105020
140a0002
8c0a1002
a40a1001
02115022
014a0018
a40a1001
8c0a1002
00000000
1000ffff
00000000
00000000
00000000
00000000
00000000
00000000
00000000
00000000
00000000
00000000
00000000
00000000
00000000
00000000
00000000
00000000
00000000
00000000
00000000
00000000
00000000
00000000
00000000
00000000
00000000
00000000
00000000
00000000
00000000
00000000
00000000
00000000
00000000
00000000
00000000
00000000
00000000
00000000
00000000
00000000
00000000
00000000
00000000
00000000
00000000
00000000
00000000
00000000
00000000
00000000
00000000
00000000
00000000
00000000
00000000
00000000
00000000
00000000
00000000
00000000
00000000
00000000
00000000
00000000
00000000
00000000
00000000
00000000
00000000
00000000
00000000
00000000
00000000
00000000
00000000
00000000
00000000
00000000
00000000
00000000
00000000
00000000
00000000
00000000
00000000
00000000
00000000
00000000
00000000
00000000
00000000
00000000
00000000
00000000
00000000
00000000
00000000
00000000
00000000
00000000
00000000
00000000
00000000
00000000
00000000
00000000
00000000
00000000
00000000
00000000
00000000
00000000
00000000
00000000
00000000
00000000
00000000
00000000
00000000
00000000
00000000
00000000
00000000
00000000
00000000
00000000
00000000
00000000
00000000
00000000
00000000
00000000
00000000
00000000
00000000
00000000
00000000
00000000
00000000
00000000
00000000
00000000
00000000
00000000
00000000
00000000
00000000
00000000
00000000
00000000
00000000
00000000
00000000
00000000
00000000
00000000
00000000
00000000
00000000
00000000
00000000
00000000
00000000
00000000
00000000
00000000
00000000
00000000
00000000
00000000
00000000
00000000
00000000
00000000
00000000
00000000
00000000
00000000
00000000
00000000
00000000
00000000
00000000
00000000
00000000
00000000
00000000
00000000
00000000
00000000
00000000
00000000
00000000
00000000
00000000
00000000
00000000
00000000
00000000
00000000
00000000
00000000
00000000
00000000
00000000
00000000
00000000
00000000
00000000
00000000
00000000
00000000
00000000
00000000
00000000
00000000
00000000
00000000
00000000
00000000
00000000
00000000
00000000
00000000
00000000
00000000
00000000
00000000
00000000
00000000
00000000
00000000
00000000
00000000
00000000
00000000
00000000
00000000
00000000
00000000
00000000
00000000
00000000
00000000
00000000
00000000
00000000
00000000
00000000
00000000
00000000
00000000
00000000
00000000
00000000
00000000
00000000
00000000
00000000
00000000
00000000
00000000
00000000
00000000
00000000
00000000
00000000
00000000
00000000
00000000
00000000
00000000
00000000
00000000
00000000
00000000
00000000
00000000
00000000
00000000
00000000
00000000
00000000
00000000
00000000
00000000
00000000
00000000
00000000
00000000
00000000
00000000
00000000
00000000
00000000
00000000
00000000
00000000
00000000
00000000
00000000
00000000
00000000
00000000
00000000
00000000
00000000
00000000
00000000
00000000
00000000
00000000
00000000
00000000
00000000
00000000
00000000
00000000
00000000
00000000
00000000
00000000
00000000
00000000
00000000
00000000
00000000
00000000
00000000
00000000
00000000
00000000
00000000
00000000
00000000
00000000
00000000
00000000
00000000
00000000
00000000
00000000
00000000
00000000
00000000
00000000
00000000
00000000
00000000
00000000
00000000
00000000
00000000
00000000
00000000
00000000
00000000
00000000
00000000
00000000
00000000
00000000
00000000
00000000
00000000
00000000
00000000
00000000
00000000
00000000
00000000
00000000
00000000
00000000
00000000
00000000
00000000
00000000
00000000
00000000
00000000
00000000
00000000
00000000
00000000
00000000
00000000
00000000
00000000
00000000
00000000
00000000
00000000
00000000
00000000
00000000
00000000
00000000
00000000
00000000
00000000
00000000
00000000
00000000
00000000
00000000
00000000
00000000
00000000
00000000
00000000
00000000
00000000
00000000
00000000
00000000
00000000
00000000
00000000
00000000
00000000
00000000
00000000
00000000
00000000
00000000
00000000
00000000
00000000
00000000
00000000
00000000
00000000
00000000
00000000
00000000
00000000
00000000
00000000
00000000
00000000
00000000
00000000
00000000
00000000
00000000
00000000
00000000
00000000
00000000
00000000
00000000
00000000
00000000
00000000
00000000
00000000
00000000
00000000
00000000
00000000
00000000
00000000
00000000
00000000
00000000
00000000
00000000
00000000
00000000
00000000
00000000
00000000
00000000
00000000
00000000
00000000
00000000
00000000
00000000
00000000
00000000
00000000
00000000
00000000
00000000
00000000
00000000
00000000
00000000
00000000
00000000
00000000
00000000
00000000
00000000
00000000
00000000
00000000
00000000
00000000
00000000
00000000
00000000
00000000
00000000
00000000
00000000
00000000
00000000
00000000
00000000
00000000
00000000
00000000
00000000
00000000
00000000
00000000
00000000
00000000
00000000
00000000
00000000
00000000
00000000
00000000
00000000
00000000
00000000
00000000
00000000
00000000
00000000
00000000
00000000
00000000
00000000
00000000
00000000
00000000
00000000
00000000
00000000
00000000
00000000
00000000
00000000
00000000
00000000
00000000
00000000
00000000
00000000
00000000
00000000
00000000
00000000
00000000
00000000
00000000
00000000
00000000
00000000
00000000
00000000
00000000
00000000
00000000
00000000
00000000
00000000
00000000
00000000
00000000
00000000
00000000
00000000
00000000
00000000
00000000
00000000
00000000
00000000
00000000
00000000
00000000
00000000
00000000
00000000
00000000
00000000
00000000
00000000
00000000
00000000
00000000
00000000
00000000
00000000
00000000
00000000
00000000
00000000
00000000
00000000
00000000
00000000
00000000
00000000
00000000
00000000
00000000
00000000
00000000
00000000
00000000
00000000
00000000
00000000
00000000
00000000
00000000
00000000
00000000
00000000
00000000
00000000
00000000
00000000
00000000
00000000
00000000
00000000
00000000
00000000
00000000
00000000
00000000
00000000
00000000
00000000
00000000
00000000
00000000
00000000
00000000
00000000
00000000
00000000
00000000
00000000
00000000
00000000
00000000
00000000
00000000
00000000
00000000
00000000
00000000
00000000
00000000
00000000
00000000
00000000
00000000
00000000
00000000
00000000
00000000
00000000
00000000
00000000
00000000
00000000
00000000
00000000
00000000
00000000
00000000
00000000
00000000
00000000
00000000
00000000
00000000
00000000
00000000
00000000
00000000
00000000
00000000
00000000
00000000
00000000
00000000
00000000
00000000
00000000
00000000
00000000
00000000
00000000
00000000
00000000
00000000
00000000
00000000
00000000
00000000
00000000
00000000
00000000
00000000
00000000
00000000
00000000
00000000
00000000
00000000
00000000
00000000
00000000
00000000
00000000
00000000
00000000
00000000
00000000
00000000
00000000
00000000
00000000
00000000
00000000
00000000
00000000
00000000
00000000
00000000
00000000
00000000
00000000
00000000
00000000
00000000
00000000
00000000
00000000
00000000
00000000
00000000
00000000
00000000
00000000
00000000
00000000
00000000
00000000
00000000
00000000
00000000
00000000
00000000
00000000
00000000
00000000
00000000
00000000
00000000
00000000
00000000
00000000
00000000
00000000
00000000
00000000
00000000
00000000
00000000
00000000
00000000
00000000
00000000
00000000
00000000
00000000
00000000
00000000
00000000
00000000
00000000
00000000
00000000
00000000
00000000
00000000
00000000
00000000
00000000
00000000
00000000
00000000
00000000
00000000
00000000
00000000
00000000
00000000
00000000
00000000
00000000
00000000
00000000
00000000
00000000
00000000
00000000
00000000
00000000
00000000
00000000
00000000
00000000
00000000
00000000
00000000
00000000
00000000
00000000
00000000
00000000
00000000
00000000
00000000
00000000
00000000
00000000
00000000
00000000
00000000
00000000
00000000
00000000
00000000
00000000
00000000
00000000
00000000
00000000
00000000
00000000
00000000
00000000
00000000
00000000
00000000
00000000
00000000
00000000
00000000
00000000
00000000
00000000
00000000
00000000
00000000
00000000
00000000
00000000
00000000
00000000
00000000
00000000
00000000
00000000
00000000
00000000
00000000
00000000
00000000
00000000
00000000
00000000
00000000
00000000
00000000
00000000
00000000
00000000
00000000
00000000
00000000
00000000
00000000
00000000
00000000
00000000
00000000
00000000
00000000
00000000
00000000
00000000
00000000
00000000
00000000
00000000
00000000
00000000
00000000
00000000
00000000
00000000
00000000
00000000
00000000
00000000
00000000
00000000
00000000
00000000
00000000
00000000
00000000
00000000
00000000
00000000
00000000
00000000
00000000
00000000
00000000
00000000
00000000
40016800
341a1000
af5dfffc
235aff00
001ae821
10000096
00000000
401a6800
335a00ff
341b0004
035b001a
0000d012
341b0000
135b000d
00000000
341b0004
135b005a
00000000
341b0005
135b0063
00000000
341b000a
135b006c
00000000
341b000c
135b0075
00000000
afbf0000
23bdfff0
40026000
afa20000
40026800
afa20004
8fa20000
8fa30004
00621024
30420800
14400016
00000000
8fa20000
8fa30004
00621024
30420400
14400001
00000000
341e0008
8fc80000
20160001
11160002
00000000
21080001
afc80000
0c0010ab
00000000
40086000
310803ff
35080800
40886000
10000083
00000000
341e000c
8fc80000
20160001
11160002
00000000
21080001
afc80000
0c0010ab
00000000
40086000
310803ff
35080400
40886000
10000074
00000000
34080000
8d080000
8d0d0004
340a0004
8d4a0000
8d4e0004
34090000
8d290000
8d280000
ad200000
340a0008
8d4a0000
20160005
11560004
00000000
ad2e0004
20080009
ad280000
34090004
8d290000
8d280000
ad200000
340a000c
8d4a0000
20160005
11560004
00000000
ad2d0004
20080009
ad280000
03e00008
00000000
3508ff10
40087000
401a6800
3c0a8000
034a5824
21080004
156a0002
00000000
21080004
40887000
10000048
00000000
3508ff20
40087000
401a6800
3c0a8000
034a5824
21080004
156a0002
00000000
21080004
40887000
1000003c
00000000
3508ff30
40087000
401a6800
3c0a8000
034a5824
21080004
156a0002
00000000
21080004
40887000
10000030
00000000
3508ff40
40087000
401a6800
3c0a8000
034a5824
21080004
156a0002
00000000
21080004
40887000
10000024
00000000
42000018
afa20008
afa3000c
afa40010
afa50014
afa60018
afa7001c
afa80020
afa90024
afaa0028
afab002c
afac0030
afad0034
afae0038
afaf003c
afb00040
afb10044
afb20048
afb3004c
afb40050
afb50054
afb60058
afb7005c
afb80060
afb90064
afbc0070
afbd0074
afbe0078
afbf007c
0000d010
afba0080
0000d012
afba0084
1000ff4a
00000000
341d1000
23bdff00
8fa20008
8fa3000c
8fa40010
8fa50014
8fa60018
8fa7001c
8fa80020
8fa90024
8faa0028
8fab002c
8fac0030
8fad0034
8fae0038
8faf003c
8fb00040
8fb10044
8fb20048
8fb3004c
8fb40050
8fb50054
8fb60058
8fb7005c
8fb80060
8fb90064
8fbc0070
8fbe0078
8fbf007c
8fba0080
03400011
8fba0084
03400013
8fbd0074
34010001
1000ffb9
00000000
